1050013070
1050013950
1050014220
1050014490
1050014920
1050017350
1050030450
1050792830
1051315930
1051552590
1051608860
1051616230
1051628760
1060013200
1060013820
1060023660
1060030310
1060807450
1061574230
1061586850
1061638580
1061641370
1061648810
1061658860
1061659690
1070012940
1070015280
1070696150
1071567660
1071570290
1071599330
1071609580
1071610350
1071612970
1071617620
1071650170
2050006110
2050017150
2050026920
2050029320
2050030100
2050030260
2050030480
2050030650
2050031060
2050032670
2050033320
2050033490
2050033670
2050039390
2050358250
2050362600
2050374390
2050379690
2050420240
2050429670
2050429790
2050441290
2050465610
2050465720
2050476910
2050491750
2050502920
2050540100
2050555780
2050557800
2050816870
2050828790
2060017000
2060023940
2060036340
2060036930
2060039020
2060049680
2060052380
2060052660
2060052940
2060055600
2060058580
2060072430
2060142450
2060144720
2060253060
2060284350
2060313590
2060376600
2060454600
2060460170
2060461650
2060520280
2060541360
2060551950
2060574340
2060611100
2060611160
2060611700
2060613120
2060643220
2060646750
2060686250
2060692720
2060711440
2060723750
2060784930
2070017430
2070024780
2070026190
2070027660
2070028050
2070029400
2070029420
2070029890
2070029980
2070030820
2070032280
2070033190
2070049950
2070050830
2070055840
2070119460
2070123680
2070143290
2070186050
2070207420
2070212100
2070240060
2070241350
2070241450
2070256660
2070257350
2070326350
2070327500
2070327510
2070339190
2070339960
2070350370
2070352840
2070358880
2070381550
2070387720
2070393590
2070393600
2070395260
2070396530
2070399650
2070400180
2070402080
2070431670
2070431760
2070435680
2070437230
2070443300
2070448360
2070464410
2070470920
2070470960
2070475160
2070483980
2070491910
2070497830
2070509130
2070515100
2070531390
2070531570
2070539740
2070547340
2070562000
2070562060
2070577490
2070591300
2070612000
2070614290
2070624000
3050008310
3060137430
4051019890
4060019710
4060021260
4060039500
4060039730
4060043170
4070037340
4070037560
4070038460
4070040780
4070041030
4070041220
4070041260
4070041500
4070043230
4070043390
4070043490
4070043550
4070045250
4070540870
5050057320
5050057710
5050059440
5050062110
5050064530
5050071980
5050073130
5050084900
5050085290
5050511570
5050593410
5050595640
5060056580
5060056610
5060070980
5060072960
5060234860
5060258670
5060309740
5060437200
5070071600
5070072090
5070072140
5070083420
5070083580
5070083730
5070086770
5070086860
5070211570
5070275150
5070457770
5070517640
5070535770
5070571260
5070578390
5070589300
5070599180
5070603610
5070612510
6050008620
6050009220
6050009430
6050012020
6050012790
6050013750
6050026750
6050026990
6050033220
6050238630
6050298170
6050337320
6050344660
6050384210
6050425550
6050451390
6050483010
6050532210
6050565970
6050565980
6050624870
6050639910
6050652910
6050667100
6050762870
6050774200
6050790150
6050793620
6050842130
6050852180
6060011630
6060012760
6060152600
6060228900
6060280770
6060337870
6060345150
6060365750
6060373400
6060382740
6060397730
6060411830
6060445040
6060453450
6060453500
6060462200
6060470810
6060471640
6060501000
6060516540
6060517380
6060528770
6060537520
6060540290
6060543710
6060546270
6060589150
6060599670
6060615450
6060644080
6060644890
6060736420
6060736450
6060772020
6060793080
6060801970
6060823060
6060874710
6060918580
6070026840
6070146870
6070183080
6070259940
6070290970
6070301080
6070316690
6070330230
6070395740
6070413620
6070416720
6070418190
6070428760
6070441970
6070479040
6070498120
6070506160
6070508560
6070553940
6070570680
6070583300
6070612660
6070613630
6070658830
6070678590
6070782190
6070783690
6070891940
6070933500
7050006910
7050013170
7050014040
7050016850
7050019010
7050019190
7050020090
7050021620
7050024890
7050031710
7050033110
7050039160
7050039620
7050041050
7050042310
7050042740
7050043500
7050043640
7050045890
7050046600
7050048860
7050061620
7050112130
7050134090
7050142610
7050177760
7050177910
7050184430
7050184580
7050191700
7050202930
7050203140
7050206680
7050234040
7050250990
7050252700
7050274860
7050282770
7050287970
7050289200
7050305410
7050329370
7050332670
7050332680
7050334790
7050388580
7050394680
7050419360
7050439780
7050445150
7050508340
7050512060
7050514640
7050527230
7050531210
7050538950
7050539540
7050562140
7050566040
7050574760
7050585120
7050608130
7050610850
7050632220
7050642090
7050649900
7050674630
7050675410
7050682360
7050730500
7050737080
7050739170
7050747570
7060005730
7060006580
7060016000
7060020500
7060028790
7060041650
7060041920
7060045410
7060046130
7060046390
7060046870
7060166730
7060174110
7060176340
7060179920
7060235660
7060242640
7060242880
7060257320
7060259200
7060263190
7060263970
7060269280
7060269970
7060295790
7060302030
7060306430
7060317870
7060330450
7060330710
7060342130
7060345990
7060346150
7060348000
7060355150
7060356710
7060361120
7060363050
7060372710
7060372880
7060377730
7060380010
7060382460
7060392390
7060397370
7060404520
7060406640
7060411100
7060416830
7060420200
7060429220
7060429360
7060429560
7060438060
7060446380
7060450950
7060468870
7060470900
7060473380
7060476020
7060478320
7060483120
7060488160
7060492010
7060503090
7060505540
7060511360
7060513230
7060514260
7060514270
7060519270
7060527760
7060529340
7060533210
7060535230
7060537830
7060540990
7060555510
7060556150
7060559710
7060563480
7060569390
7060573090
7060573680
7060575000
7060579270
7060579820
7060591780
7060597680
7060617540
7060626100
7060636470
7060650970
7060674060
7060677450
7060686940
7060687690
7060706180
7060721150
7060733840
7060755960
7070013800
7070037260
7070039570
7070043740
7070045780
7070048050
7070062610
7070111080
7070123520
7070127110
7070201510
7070204990
7070209380
7070222190
7070250410
7070259730
7070302720
7070307750
7070312430
7070313960
7070323010
7070329740
7070334870
7070345810
7070346010
7070348860
7070349370
7070363760
7070374510
7070376890
7070380440
7070380570
7070380850
7070381490
7070385090
7070385510
7070393600
7070395320
7070405130
7070421260
7070424230
7070428660
7070436110
7070436990
7070440760
7070441730
7070446110
7070450700
7070452240
7070460640
7070465480
7070471640
7070472280
7070479620
7070485900
7070486850
7070487990
7070489490
7070489500
7070492020
7070492310
7070495520
7070497310
7070498340
7070499990
7070503510
7070522910
7070528820
7070537660
7070542050
7070546760
7070554030
7070555670
7070562640
7070567480
7070568320
7070573130
7070576100
7070577030
7070583100
7070588700
7070598400
7070607360
7070611270
7070621180
7070622000
7070622870
7070631090
7070632770
7070639830
7070682140
7070682810
7070707070
7070717380
7070728080
8050007020
8050010040
8050122100
8050150960
8050177260
8050190480
8050219130
8050231190
8050272130
8050328000
8050331980
8050332600
8060000060
8060002140
8060002160
8060008470
8060009130
8060011450
8060129850
8060191680
8060246110
8060264760
8060274770
8060285990
8060299220
8060303080
8060308720
8060316070
8060331910
8060332270
8060335620
8060340710
8060342780
8060343130
8070219790
8070242820
8070246590
8070320030
8070332000
8070332390
8070332670
